solid opened
 facet normal 0 -0 1
  outer loop
   vertex 0.00625 -0.00625 0.655
   vertex 0.00625 0 0.655
   vertex 0 0 0.655
  endloop
 endfacet
 facet normal 0 0 1
  outer loop
   vertex 0.00625 -0.00625 0.655
   vertex 0 0 0.655
   vertex 0 -0.00625 0.655
  endloop
 endfacet
 facet normal 0 -0 1
  outer loop
   vertex 0 -0.00625 0.655
   vertex 0 0 0.655
   vertex -0.00625 0 0.655
  endloop
 endfacet
 facet normal 0 0 1
  outer loop
   vertex 0 -0.00625 0.655
   vertex -0.00625 0 0.655
   vertex -0.00625 -0.00625 0.655
  endloop
 endfacet
 facet normal 0 -0 1
  outer loop
   vertex 0 0 0.655
   vertex 0 0.00625 0.655
   vertex -0.00625 0.00625 0.655
  endloop
 endfacet
 facet normal 0 0 1
  outer loop
   vertex 0 0 0.655
   vertex -0.00625 0.00625 0.655
   vertex -0.00625 0 0.655
  endloop
 endfacet
 facet normal 0 -0 1
  outer loop
   vertex 0.00625 0 0.655
   vertex 0.00625 0.00625 0.655
   vertex 0 0.00625 0.655
  endloop
 endfacet
 facet normal 0 0 1
  outer loop
   vertex 0.00625 0 0.655
   vertex 0 0.00625 0.655
   vertex 0 0 0.655
  endloop
 endfacet
 facet normal 0 0 1
  outer loop
   vertex -0.00625 0.00625 0.655
   vertex -0.00883883 0.00883883 0.655
   vertex -0.0104624 0.00684012 0.655
  endloop
 endfacet
 facet normal -0 0 1
  outer loop
   vertex -0.0122913 0.00227454 0.655
   vertex -0.00625 0 0.655
   vertex -0.0116224 0.00460118 0.655
  endloop
 endfacet
 facet normal 0 0 1
  outer loop
   vertex -0.0116224 0.00460118 0.655
   vertex -0.00625 0.00625 0.655
   vertex -0.0104624 0.00684012 0.655
  endloop
 endfacet
 facet normal 0 0 1
  outer loop
   vertex -0.00684012 0.0104624 0.655
   vertex -0.00883883 0.00883883 0.655
   vertex -0.00625 0.00625 0.655
  endloop
 endfacet
 facet normal 0 0 1
  outer loop
   vertex 0 0.00625 0.655
   vertex -2.29621e-18 0.0125 0.655
   vertex -0.00227454 0.0122913 0.655
  endloop
 endfacet
 facet normal 0 0 1
  outer loop
   vertex 0 0.00625 0.655
   vertex -0.00460118 0.0116224 0.655
   vertex -0.00625 0.00625 0.655
  endloop
 endfacet
 facet normal -0 0 1
  outer loop
   vertex -0.00684012 0.0104624 0.655
   vertex -0.00625 0.00625 0.655
   vertex -0.00460118 0.0116224 0.655
  endloop
 endfacet
 facet normal 0 0 1
  outer loop
   vertex -0.00227454 0.0122913 0.655
   vertex -0.00460118 0.0116224 0.655
   vertex 0 0.00625 0.655
  endloop
 endfacet
 facet normal 0 0 1
  outer loop
   vertex -0.00625 0.00625 0.655
   vertex -0.0116224 0.00460118 0.655
   vertex -0.00625 0 0.655
  endloop
 endfacet
 facet normal 0 -0 1
  outer loop
   vertex 0 0.00625 0.655
   vertex 0.00227454 0.0122913 0.655
   vertex -2.29621e-18 0.0125 0.655
  endloop
 endfacet
 facet normal -0 0 1
  outer loop
   vertex -0.0122913 -0.00227454 0.655
   vertex -0.0116224 -0.00460118 0.655
   vertex -0.00625 0 0.655
  endloop
 endfacet
 facet normal 0 -0 1
  outer loop
   vertex -0.0104624 -0.00684012 0.655
   vertex -0.00625 -0.00625 0.655
   vertex -0.0116224 -0.00460118 0.655
  endloop
 endfacet
 facet normal 0 0 1
  outer loop
   vertex -0.00625 -0.00625 0.655
   vertex -0.0104624 -0.00684012 0.655
   vertex -0.00883883 -0.00883883 0.655
  endloop
 endfacet
 facet normal -0 0 1
  outer loop
   vertex -0.0125 -1.53081e-18 0.655
   vertex -0.0122913 -0.00227454 0.655
   vertex -0.00625 0 0.655
  endloop
 endfacet
 facet normal -0 0 1
  outer loop
   vertex -0.00883883 -0.00883883 0.655
   vertex -0.00684012 -0.0104624 0.655
   vertex -0.00625 -0.00625 0.655
  endloop
 endfacet
 facet normal -0 0 1
  outer loop
   vertex -0.00684012 -0.0104624 0.655
   vertex -0.00460118 -0.0116224 0.655
   vertex -0.00625 -0.00625 0.655
  endloop
 endfacet
 facet normal 0 0 1
  outer loop
   vertex 0 -0.00625 0.655
   vertex -0.00460118 -0.0116224 0.655
   vertex -0.00227454 -0.0122913 0.655
  endloop
 endfacet
 facet normal 0 0 1
  outer loop
   vertex 0 -0.00625 0.655
   vertex -0.00625 -0.00625 0.655
   vertex -0.00460118 -0.0116224 0.655
  endloop
 endfacet
 facet normal 0 0 1
  outer loop
   vertex -0.00625 0 0.655
   vertex -0.0116224 -0.00460118 0.655
   vertex -0.00625 -0.00625 0.655
  endloop
 endfacet
 facet normal 0 0 1
  outer loop
   vertex -0.00625 0 0.655
   vertex -0.0122913 0.00227454 0.655
   vertex -0.0125 -1.53081e-18 0.655
  endloop
 endfacet
 facet normal 0 0 1
  outer loop
   vertex 0 0.00625 0.655
   vertex 0.00625 0.00625 0.655
   vertex 0.00460118 0.0116224 0.655
  endloop
 endfacet
 facet normal 0 0 1
  outer loop
   vertex 0.0116224 0.00460118 0.655
   vertex 0.00625 0.00625 0.655
   vertex 0.00625 0 0.655
  endloop
 endfacet
 facet normal 0 0 1
  outer loop
   vertex 0.00460118 0.0116224 0.655
   vertex 0.00625 0.00625 0.655
   vertex 0.00684012 0.0104624 0.655
  endloop
 endfacet
 facet normal 0 0 1
  outer loop
   vertex 0.00684012 0.0104624 0.655
   vertex 0.00625 0.00625 0.655
   vertex 0.00883883 0.00883883 0.655
  endloop
 endfacet
 facet normal 0 0 1
  outer loop
   vertex 0.0104624 0.00684012 0.655
   vertex 0.00625 0.00625 0.655
   vertex 0.0116224 0.00460118 0.655
  endloop
 endfacet
 facet normal 0 0 1
  outer loop
   vertex 0.0122913 0.00227454 0.655
   vertex 0.00625 0 0.655
   vertex 0.0125 0 0.655
  endloop
 endfacet
 facet normal 0 0 1
  outer loop
   vertex 0.0122913 0.00227454 0.655
   vertex 0.0116224 0.00460118 0.655
   vertex 0.00625 0 0.655
  endloop
 endfacet
 facet normal 0 0 1
  outer loop
   vertex 0.0104624 0.00684012 0.655
   vertex 0.00883883 0.00883883 0.655
   vertex 0.00625 0.00625 0.655
  endloop
 endfacet
 facet normal 0 -0 1
  outer loop
   vertex 0.0122913 -0.00227454 0.655
   vertex 0.0125 0 0.655
   vertex 0.00625 0 0.655
  endloop
 endfacet
 facet normal 0 -0 1
  outer loop
   vertex 0.00460118 -0.0116224 0.655
   vertex 0.00625 -0.00625 0.655
   vertex 0 -0.00625 0.655
  endloop
 endfacet
 facet normal 0 -0 1
  outer loop
   vertex 7.65404e-19 -0.0125 0.655
   vertex 0.00227454 -0.0122913 0.655
   vertex 0 -0.00625 0.655
  endloop
 endfacet
 facet normal 0 0 1
  outer loop
   vertex 0.00460118 -0.0116224 0.655
   vertex 0 -0.00625 0.655
   vertex 0.00227454 -0.0122913 0.655
  endloop
 endfacet
 facet normal 0 0 1
  outer loop
   vertex 0.00460118 -0.0116224 0.655
   vertex 0.00684012 -0.0104624 0.655
   vertex 0.00625 -0.00625 0.655
  endloop
 endfacet
 facet normal -0 0 1
  outer loop
   vertex -0.00227454 -0.0122913 0.655
   vertex 7.65404e-19 -0.0125 0.655
   vertex 0 -0.00625 0.655
  endloop
 endfacet
 facet normal 0 0 1
  outer loop
   vertex 0.0116224 -0.00460118 0.655
   vertex 0.00625 -0.00625 0.655
   vertex 0.0104624 -0.00684012 0.655
  endloop
 endfacet
 facet normal 0 -0 1
  outer loop
   vertex 0.00684012 -0.0104624 0.655
   vertex 0.00883883 -0.00883883 0.655
   vertex 0.00625 -0.00625 0.655
  endloop
 endfacet
 facet normal 0 -0 1
  outer loop
   vertex 0.00883883 -0.00883883 0.655
   vertex 0.0104624 -0.00684012 0.655
   vertex 0.00625 -0.00625 0.655
  endloop
 endfacet
 facet normal 0 0 1
  outer loop
   vertex 0.0116224 -0.00460118 0.655
   vertex 0.00625 0 0.655
   vertex 0.00625 -0.00625 0.655
  endloop
 endfacet
 facet normal 0 0 1
  outer loop
   vertex 0.00625 0 0.655
   vertex 0.0116224 -0.00460118 0.655
   vertex 0.0122913 -0.00227454 0.655
  endloop
 endfacet
 facet normal 0 0 1
  outer loop
   vertex 0.00460118 0.0116224 0.655
   vertex 0.00227454 0.0122913 0.655
   vertex 0 0.00625 0.655
  endloop
 endfacet
endsolid opened
